fare_id,price,currency_type,payment_method,transfers,transfer_duration
2039,2.50,USD,1,,
2040,2.55,USD,1,,
2041,2.60,USD,1,,
2042,2.65,USD,1,,
2043,2.70,USD,1,,
2044,2.80,USD,1,,
2045,2.85,USD,1,,
2046,2.90,USD,1,,
2047,2.95,USD,1,,
2048,3.00,USD,1,,
2049,3.05,USD,1,,
2050,3.10,USD,1,,
2051,3.15,USD,1,,
2052,3.20,USD,1,,
2053,3.25,USD,1,,
2054,3.30,USD,1,,
2055,3.45,USD,1,,
2056,3.50,USD,1,,
2057,3.55,USD,1,,
2058,3.60,USD,1,,
2059,3.65,USD,1,,
2060,3.70,USD,1,,
2061,3.75,USD,1,,
2062,3.80,USD,1,,
2063,3.85,USD,1,,
2064,3.90,USD,1,,
2065,3.95,USD,1,,
2066,4.00,USD,1,,
2067,4.05,USD,1,,
2068,4.10,USD,1,,
2069,4.15,USD,1,,
2070,4.20,USD,1,,
2071,4.25,USD,1,,
2072,4.30,USD,1,,
2073,4.35,USD,1,,
2074,4.40,USD,1,,
2075,4.45,USD,1,,
2076,4.50,USD,1,,
2077,4.55,USD,1,,
2078,4.60,USD,1,,
2079,4.65,USD,1,,
2080,4.70,USD,1,,
2081,4.75,USD,1,,
2082,4.80,USD,1,,
2083,4.85,USD,1,,
2084,4.90,USD,1,,
2085,4.95,USD,1,,
2086,5.00,USD,1,,
2087,5.05,USD,1,,
2088,5.10,USD,1,,
2089,5.15,USD,1,,
2090,5.20,USD,1,,
2091,5.25,USD,1,,
2092,5.30,USD,1,,
2093,5.35,USD,1,,
2094,5.40,USD,1,,
2095,5.45,USD,1,,
2096,5.50,USD,1,,
2097,5.55,USD,1,,
2098,5.60,USD,1,,
2099,5.65,USD,1,,
2100,5.70,USD,1,,
2101,5.75,USD,1,,
2102,5.80,USD,1,,
2103,5.85,USD,1,,
2104,5.90,USD,1,,
2105,5.95,USD,1,,
2106,6.00,USD,1,,
2107,6.05,USD,1,,
2108,6.10,USD,1,,
2109,6.15,USD,1,,
2110,6.20,USD,1,,
2111,6.25,USD,1,,
2112,6.30,USD,1,,
2113,6.35,USD,1,,
2114,6.40,USD,1,,
2115,6.45,USD,1,,
2116,6.50,USD,1,,
2117,6.55,USD,1,,
2118,6.60,USD,1,,
2119,6.65,USD,1,,
2120,6.70,USD,1,,
2121,6.75,USD,1,,
2122,6.80,USD,1,,
2123,6.85,USD,1,,
2124,6.90,USD,1,,
2125,6.95,USD,1,,
2126,7.00,USD,1,,
2127,7.05,USD,1,,
2128,7.10,USD,1,,
2129,7.15,USD,1,,
2130,7.20,USD,1,,
2131,7.25,USD,1,,
2132,7.30,USD,1,,
2133,7.35,USD,1,,
2134,7.40,USD,1,,
2135,7.45,USD,1,,
2136,7.50,USD,1,,
2137,7.55,USD,1,,
2138,7.60,USD,1,,
2139,7.65,USD,1,,
2140,7.70,USD,1,,
2141,7.80,USD,1,,
2142,7.85,USD,1,,
2143,7.90,USD,1,,
2144,8.00,USD,1,,
2145,8.05,USD,1,,
2146,8.10,USD,1,,
2147,8.15,USD,1,,
2148,8.25,USD,1,,
2149,8.30,USD,1,,
2150,8.35,USD,1,,
2151,8.45,USD,1,,
2152,8.50,USD,1,,
2153,8.60,USD,1,,
2154,8.65,USD,1,,
2155,8.90,USD,1,,
2156,8.95,USD,1,,
2157,9.00,USD,1,,
2158,9.10,USD,1,,
2159,9.15,USD,1,,
2160,9.25,USD,1,,
2161,9.30,USD,1,,
2162,9.45,USD,1,,
2163,9.50,USD,1,,
2164,9.60,USD,1,,
2165,9.65,USD,1,,
2166,9.75,USD,1,,
2167,9.85,USD,1,,
2168,9.90,USD,1,,
2169,9.95,USD,1,,
2170,10.00,USD,1,,
2171,10.10,USD,1,,
2172,10.15,USD,1,,
2173,10.20,USD,1,,
2174,10.25,USD,1,,
2175,10.30,USD,1,,
2176,10.35,USD,1,,
2177,10.40,USD,1,,
2178,10.45,USD,1,,
2179,10.55,USD,1,,
2180,10.60,USD,1,,
2181,10.70,USD,1,,
2182,10.75,USD,1,,
2183,10.80,USD,1,,
2184,10.95,USD,1,,
2185,11.00,USD,1,,
2186,11.05,USD,1,,
2187,11.10,USD,1,,
2188,11.15,USD,1,,
2189,11.25,USD,1,,
2190,11.30,USD,1,,
2191,11.35,USD,1,,
2192,11.45,USD,1,,
2193,11.55,USD,1,,
2194,11.60,USD,1,,
2195,11.65,USD,1,,
2196,11.70,USD,1,,
2197,11.90,USD,1,,
2198,12.05,USD,1,,
2199,12.10,USD,1,,
2200,12.25,USD,1,,
2201,12.30,USD,1,,
2202,12.45,USD,1,,
2203,12.70,USD,1,,
2204,12.85,USD,1,,
2205,12.90,USD,1,,
2206,13.00,USD,1,,
2207,13.65,USD,1,,
2208,16.65,USD,1,,