service_id,monday,tuesday,wednesday,thursday,friday,saturday,sunday,start_date,end_date
74317,0,0,1,0,0,0,0,20180813,20181221
74315,1,1,1,1,0,0,1,20180812,20181220
74316,1,1,0,1,1,0,0,20180813,20181221
74312,0,0,0,0,0,0,1,20180812,20181216
74314,1,1,1,1,1,0,0,20180813,20181221
74313,0,0,0,0,0,1,0,20180811,20181215
72905,0,0,0,0,0,0,1,20180812,20181216
72906,0,0,0,0,0,1,0,20180811,20181215
72907,1,1,1,1,1,0,0,20180813,20181221
72908,0,0,1,0,0,0,0,20180813,20181221
72909,1,1,0,1,1,0,0,20180813,20181221
72910,0,0,0,0,1,0,0,20180813,20181221
74206,1,1,1,1,1,0,0,20180813,20181221
73210,1,1,1,1,1,0,0,20180813,20181221
73211,0,0,0,0,0,1,0,20180818,20181222
74318,1,1,0,1,1,0,0,20180813,20181221
73212,0,0,0,0,1,0,0,20180817,20181221
74319,0,0,0,1,0,0,0,20180813,20181221
73213,0,0,0,0,0,0,1,20180812,20181216
74320,1,1,1,0,1,0,0,20180813,20181221
73214,1,1,1,1,1,0,0,20180813,20181221
74321,0,0,0,0,1,0,0,20180813,20181221
73215,0,0,1,0,0,0,0,20180813,20181221
74322,1,1,1,1,0,0,0,20180813,20181221
73216,1,1,1,0,1,0,0,20180813,20181221
74323,0,1,0,0,0,0,0,20180813,20181221
74207,1,1,0,1,1,0,0,20180813,20181221
74324,1,0,1,1,1,0,0,20180813,20181221
73218,0,0,0,1,0,0,0,20180813,20181221
74325,0,0,1,0,0,0,0,20180813,20181221
73219,1,1,1,1,1,0,0,20180813,20181221
74326,1,1,0,0,1,0,0,20180813,20181221
73220,0,0,0,0,0,1,0,20180818,20181222
74327,0,0,1,1,0,0,0,20180813,20181221
74295,0,0,0,0,0,0,1,20180812,20181216
74328,1,1,1,1,1,0,0,20180813,20181221
74296,0,0,0,0,0,1,0,20180811,20181215
74329,1,1,1,1,1,0,0,20180813,20181221
74297,1,1,1,1,1,0,0,20180813,20181221
74330,0,0,0,0,0,1,0,20180818,20181222
74298,1,1,1,1,0,0,1,20180812,20181220
74331,0,0,0,0,1,0,0,20180817,20181221
74299,1,0,1,0,1,0,0,20180813,20181221
74300,0,1,0,1,0,0,0,20180813,20181221
74301,0,0,0,0,1,0,0,20180813,20181221
74302,0,0,1,0,0,0,0,20180813,20181221
74303,1,1,0,1,1,0,0,20180813,20181221
74304,1,1,0,1,1,0,0,20180813,20181221
74305,0,0,1,0,0,0,0,20180813,20181221
74306,0,0,1,0,0,0,0,20180813,20181221
74307,1,1,1,1,1,0,0,20180813,20181221
74308,1,1,1,1,1,0,0,20180813,20181221
74309,1,1,1,1,1,0,0,20180813,20181221
74310,0,0,0,0,0,1,0,20180818,20181222
74311,0,0,0,0,1,0,0,20180817,20181221